32 x 32 kernel time:1325.0559
2.6002e-05 7.0681e-05 1.9213e-04 5.2226e-04 1.4197e-03 3.8590e-03 1.0490e-02 2.8515e-02 7.7511e-02 2.1070e-01 
1024 x 32 kernel time:1937.7600
2.6002e-05 7.0681e-05 1.9213e-04 5.2226e-04 1.4197e-03 3.8590e-03 1.0490e-02 2.8515e-02 7.7511e-02 2.1070e-01 
2048 x 32 kernel time:2681.9202
2.6002e-05 7.0681e-05 1.9213e-04 5.2226e-04 1.4197e-03 3.8590e-03 1.0490e-02 2.8515e-02 7.7511e-02 2.1070e-01 
32 x 1024 kernel time:1310.2400
7.6482e-07 2.0790e-06 5.6513e-06 1.5362e-05 4.1758e-05 1.1351e-04 3.0855e-04 8.3873e-04 2.2799e-03 6.1974e-03 
1024 x 1024 kernel time:2388.8960
7.6482e-07 2.0790e-06 5.6513e-06 1.5362e-05 4.1758e-05 1.1351e-04 3.0855e-04 8.3873e-04 2.2799e-03 6.1974e-03 
2048 x 1024 kernel time:3520.9280
7.6482e-07 2.0790e-06 5.6513e-06 1.5362e-05 4.1758e-05 1.1351e-04 3.0855e-04 8.3873e-04 2.2799e-03 6.1974e-03 
32 x 2048 kernel time:1327.6481
3.8217e-07 1.0388e-06 2.8238e-06 7.6760e-06 2.0866e-05 5.6718e-05 1.5418e-04 4.1910e-04 1.1392e-03 3.0967e-03 
1024 x 2048 kernel time:2483.1040
3.8217e-07 1.0388e-06 2.8238e-06 7.6760e-06 2.0866e-05 5.6718e-05 1.5418e-04 4.1910e-04 1.1392e-03 3.0967e-03 
2048 x 2048 kernel time:3972.1279
3.8217e-07 1.0388e-06 2.8238e-06 7.6760e-06 2.0866e-05 5.6718e-05 1.5418e-04 4.1910e-04 1.1392e-03 3.0967e-03 
